9.911079503052911332e-06 4.449035637620344374e+01
1.001388414986203639e-05 4.493583141559091843e+01
1.011775515835278255e-05 4.538576692746909202e+01
1.022270358957415172e-05 4.584020757385733447e+01
1.032874061930808109e-05 4.629919846396889938e+01
1.043587753925953116e-05 4.676278515868858676e+01
1.054412575825892360e-05 4.723101367509519122e+01
1.065349680347704736e-05 4.770393049102965222e+01
1.076400232165256354e-05 4.818158254970803966e+01
1.087565408033225649e-05 4.866401726438168396e+01
1.098846396912412587e-05 4.915128252304341316e+01
1.110244400096350775e-05 4.964342669318112655e+01
1.121760631339229600e-05 5.014049862657876844e+01
1.133396316985146372e-05 5.064254766416593867e+01
1.145152696098696103e-05 5.114962364091498159e+01
1.157031020596918575e-05 5.166177689078822510e+01
1.169032555382612517e-05 5.217905825173413348e+01
1.181158578479033152e-05 5.270151907073368136e+01
1.193410381165985833e-05 5.322921120889718338e+01
1.205789268117333706e-05 5.376218704661211234e+01
1.218296557539929242e-05 5.430049948874297883e+01
1.230933581313988096e-05 5.484420196988214258e+01
1.243701685134918672e-05 5.539334845965438348e+01
1.256602228656623327e-05 5.594799346807394613e+01
1.269636585636285613e-05 5.650819205095541520e+01
1.282806144080658621e-05 5.707399981537857769e+01
1.296112306393872405e-05 5.764547292520863664e+01
1.309556489526773172e-05 5.822266810667053250e+01
1.323140125127812374e-05 5.880564265398020041e+01
1.336864659695499602e-05 5.939445443503169031e+01
1.350731554732439245e-05 5.998916189714128677e+01
1.364742286900961958e-05 6.058982407284920413e+01
1.378898348180373107e-05 6.119650058577918372e+01
1.393201246025830234e-05 6.180925165655746412e+01
1.407652503528870197e-05 6.242813810878967473e+01
1.422253659579600225e-05 6.305322137509893565e+01
1.437006269030571689e-05 6.368456350322365722e+01
1.451911902862353698e-05 6.432222716217665948e+01
1.466972148350824817e-05 6.496627564846572511e+01
1.482188609236198151e-05 6.561677289237717048e+01
1.497562905893802502e-05 6.627378346432091405e+01
1.513096675506631956e-05 6.693737258124058087e+01
1.528791572239687798e-05 6.760760611308685952e+01
1.544649267416127141e-05 6.828455058935608690e+01
1.560671449695239630e-05 6.896827320569411768e+01
1.576859825252269822e-05 6.965884183056627421e+01
1.593216117960105077e-05 7.035632501199467015e+01
1.609742069572847589e-05 7.106079198436175659e+01
1.626439439911290546e-05 7.177231267528323144e+01
1.643310007050320098e-05 7.249095771254917508e+01
1.660355567508257384e-05 7.321679843113480501e+01
1.677577936438167693e-05 7.394990688028117631e+01
1.694978947821154400e-05 7.469035583064773220e+01
1.712560454661653597e-05 7.543821878153474358e+01
1.730324329184760576e-05 7.619356996817977290e+01
1.748272463035596995e-05 7.695648436912627233e+01
1.766406767480751912e-05 7.772703771366623471e+01
1.784729173611806526e-05 7.850530648935730937e+01
1.803241632550975476e-05 7.929136794961503654e+01
1.821946115658876236e-05 8.008530012138191978e+01
1.840844614744457415e-05 8.088718181287164555e+01
1.859939142277103268e-05 8.169709262139248551e+01
1.879231731600937091e-05 8.251511294124820495e+01
1.898724437151349276e-05 8.334132397171829609e+01
1.918419334673771007e-05 8.417580772511786336e+01
1.938318521444715983e-05 8.501864703493907882e+01
1.958424116495116916e-05 8.586992556407258803e+01
1.978738260835976800e-05 8.672972781311267454e+01
1.999263117686361725e-05 8.759813912874504638e+01
2.020000872703758935e-05 8.847524571221848078e+01
2.040953734216823190e-05 8.936113462790153505e+01
2.062123933460537845e-05 9.025589381192456528e+01
2.083513724813816062e-05 9.115961208090936907e+01
2.105125386039565869e-05 9.207237914078419294e+01
2.126961218527243807e-05 9.299428559568904973e+01
2.149023547537927989e-05 9.392542295696915744e+01
2.171314722451929885e-05 9.486588365225864550e+01
2.193837117018976345e-05 9.581576103465519623e+01
2.216593129610986595e-05 9.677514939198640320e+01
2.239585183477469944e-05 9.774414395616982176e+01
2.262815727003574377e-05 9.872284091266486428e+01
2.286287233970810750e-05 9.971133741002121553e+01
2.310002203820480708e-05 1.007097315695219351e+02
2.333963161919839517e-05 1.017181224949232785e+02
2.358172659831017840e-05 1.027366102822918066e+02
2.382633275582731611e-05 1.037652960299411404e+02
2.407347613944814220e-05 1.048042818484659762e+02
2.432318306705593381e-05 1.058536708708787870e+02
2.457548012952144516e-05 1.069135672628469109e+02
2.483039419353454545e-05 1.079840762330323400e+02
2.508795240446518786e-05 1.090653040435351215e+02
2.534818218925409582e-05 1.101573580204409524e+02
2.561111125933338684e-05 1.112603465644757250e+02
2.587676761357754040e-05 1.123743791617642529e+02
2.614517954128493362e-05 1.134995663946992011e+02
2.641637562519032748e-05 1.146360199529175929e+02
2.669038474450859840e-05 1.157838526443874230e+02
2.696723607801003027e-05 1.169431784066051847e+02
2.724695910712750913e-05 1.181141123179065460e+02
2.752958361909596947e-05 1.192967706088879964e+02
2.781513971012436660e-05 1.204912706739452091e+02
2.810365778860058166e-05 1.216977310829257135e+02
2.839516857832955743e-05 1.229162715928985676e+02
2.868970312180502407e-05 1.241470131600417801e+02
2.898729278351516717e-05 1.253900779516485358e+02
2.928796925328257014e-05 1.266455893582549947e+02
2.959176454963881382e-05 1.279136720058868093e+02
2.989871102323407882e-05 1.291944517684309801e+02
3.020884136028211664e-05 1.304880557801302245e+02
3.052218858604093167e-05 1.317946124482026846e+02
3.083878606832961451e-05 1.331142514655878415e+02
3.115866752108157749e-05 1.344471038238212373e+02
3.148186700793475796e-05 1.357933018260355880e+02
3.180841894585894545e-05 1.371529791000945693e+02
3.213835810882080513e-05 1.385262706118569724e+02
3.247171963148690933e-05 1.399133126785737886e+02
3.280853901296514985e-05 1.413142429824195290e+02
3.314885212058499856e-05 1.427292005841586615e+02
3.349269519371693481e-05 1.441583259369504049e+02
3.384010484763154788e-05 1.456017609002887525e+02
3.419111807739859225e-05 1.470596487540852024e+02
3.454577226182656497e-05 1.485321342128907247e+02
3.490410516744311671e-05 1.500193634402606619e+02
3.526615495251670329e-05 1.515214840632630455e+02
3.563196017112004658e-05 1.530386451871337954e+02
3.600155977723565586e-05 1.545709974100755062e+02
3.637499312890398525e-05 1.561186928382075507e+02
3.675229999241461375e-05 1.576818851006642319e+02
3.713352054654087467e-05 1.592607293648446216e+02
3.751869538681842909e-05 1.608553823518148533e+02
3.790786552986822385e-05 1.624660023518644607e+02
3.830107241776429492e-05 1.640927492402201153e+02
3.869835792244681578e-05 1.657357844929133250e+02
3.909976435018103474e-05 1.673952712028104202e+02
3.950533444606233824e-05 1.690713740958013034e+02
3.991511139856815171e-05 1.707642595471506297e+02
4.032913884415696931e-05 1.724740955980124966e+02
4.074746087191516317e-05 1.742010519721120545e+02
4.117012202825192431e-05 1.759453000925906565e+02
4.159716732164295218e-05 1.777070130990234702e+02
4.202864222742333289e-05 1.794863658646052897e+02
4.246459269263012150e-05 1.812835350135091517e+02
4.290506514089516347e-05 1.830986989384184653e+02
4.335010647738869060e-05 1.849320378182346474e+02
4.379976409381414562e-05 1.867837336359635572e+02
4.425408587345485865e-05 1.886539701967775784e+02
4.471312019627305686e-05 1.905429331462621576e+02
4.517691594406177629e-05 1.924508099888432184e+02
4.564552250565017072e-05 1.943777901063993738e+02
4.611898978216287477e-05 1.963240647770602720e+02
4.659736819233388879e-05 1.982898271941949986e+02
4.708070867787555482e-05 2.002752724855866688e+02
4.756906270890330114e-05 2.022805977328030451e+02
4.806248228941656213e-05 2.043060019907590572e+02
4.856101996283663217e-05 2.063516863074756600e+02
4.906472881760190111e-05 2.084178537440364209e+02
4.957366249282116891e-05 2.105047093947436565e+02
5.008787518398558189e-05 2.126124604074784088e+02
5.060742164873980697e-05 2.147413160042600566e+02
5.113235721271310139e-05 2.168914875020159911e+02
5.166273777541081983e-05 2.190631883335572638e+02
5.219861981616708420e-05 2.212566340687646118e+02
5.274006040015916471e-05 2.234720424359860260e+02
5.328711718448424342e-05 2.257096333436510633e+02
5.383984842429923750e-05 2.279696289020970141e+02
5.439831297902427885e-05 2.302522534456178391e+02
5.496257031861056814e-05 2.325577335547320956e+02
5.553268052987322685e-05 2.348862980786739456e+02
5.610870432288983154e-05 2.372381781581093776e+02
5.669070303746532848e-05 2.396136072480796031e+02
5.727873864966402645e-05 2.420128211411763743e+02
5.787287377840929126e-05 2.444360579909446756e+02
5.847317169215176852e-05 2.468835583355244694e+02
5.907969631560669731e-05 2.493555651215268369e+02
5.969251223656116837e-05 2.518523237281495710e+02
6.031168471275196385e-05 2.543740819915343820e+02
6.093727967881473084e-05 2.569210902293672234e+02
6.156936375330528816e-05 2.594936012657278752e+02
6.220800424579365606e-05 2.620918704561827894e+02
6.285326916403183198e-05 2.647161557131346399e+02
6.350522722119571217e-05 2.673667175314230917e+02
6.416394784320235184e-05 2.700438190141820769e+02
6.482950117610295003e-05 2.727477258989560482e+02
6.550195809355256890e-05 2.754787065840797595e+02
6.618139020435740056e-05 2.782370321553173653e+02
6.686786986010027271e-05 2.810229764127731187e+02
6.756147016284516540e-05 2.838368158980694602e+02
6.826226497292180975e-05 2.866788299217970462e+02
6.897032891679095133e-05 2.895493005912402964e+02
6.968573739499111836e-05 2.924485128383793722e+02
7.040856659016796551e-05 2.953767544481762002e+02
7.113889347518684379e-05 2.983343160871368127e+02
7.187679582132945025e-05 3.013214913321667154e+02
7.262235220657560118e-05 3.043385766997110977e+02
7.337564202397088759e-05 3.073858716751891507e+02
7.413674549008108052e-05 3.104636787427202762e+02
7.490574365353422110e-05 3.135723034151508841e+02
7.568271840365145260e-05 3.167120542643795602e+02
7.646775247916716368e-05 3.198832429519886773e+02
7.726092947703979796e-05 3.230861842601785270e+02
7.806233386135385860e-05 3.263211961230149427e+02
7.887205097231443597e-05 3.295885996579891639e+02
7.969016703533486829e-05 3.328887191978910209e+02
8.051676917021878207e-05 3.362218823230043654e+02
8.135194540043735260e-05 3.395884198936246321e+02
8.219578466250270605e-05 3.429886660828989875e+02
8.304837681543869653e-05 3.464229584099988983e+02
8.390981265034976272e-05 3.498916377736227332e+02
8.478018390008920592e-05 3.533950484858354457e+02
8.565958324902759409e-05 3.569335383062445430e+02
8.654810434292263370e-05 3.605074584765202985e+02
8.744584179889125476e-05 3.641171637552625953e+02
8.835289121548533197e-05 3.677630124532129798e+02
8.926934918287176039e-05 3.714453664688230674e+02
9.019531329311814591e-05 3.751645913241784456e+02
9.113088215058531675e-05 3.789210562012797254e+02
9.207615538242742851e-05 3.827151339786894368e+02
9.303123364920118051e-05 3.865472012685467007e+02
9.399621865558494330e-05 3.904176384539482569e+02
9.497121316120909801e-05 3.943268297267082971e+02
9.595632099159879407e-05 3.982751631254936342e+02
9.695164704923012796e-05 4.022630305743433041e+02
9.795729732470103053e-05 4.062908279215697576e+02
9.897337890801800138e-05 4.103589549790531805e+02
1.000000000000000048e-04 4.144678155619294557e+02
1.010372699238005166e-04 4.186177720619625120e+02
1.020852991365491452e-04 4.228093955468747254e+02
1.031441992411143572e-04 4.270429440459503780e+02
1.042140829979873234e-04 4.313188356415513454e+02
1.052950643372899586e-04 4.356374925645628196e+02
1.063872583709069545e-04 4.399993411367187264e+02
1.074907814047443251e-04 4.444048116006387659e+02
1.086057509511138955e-04 4.488543383959207063e+02
1.097322857412473941e-04 4.533483602575877853e+02
1.108705057379401880e-04 4.578873202581119699e+02
1.120205321483253795e-04 4.624716658498392690e+02
1.131824874367811252e-04 4.671018489078244897e+02
1.143564953379721649e-04 4.717783257730926039e+02
1.155426808700252901e-04 4.765015572962976762e+02
1.167411703478428729e-04 4.812720088818102795e+02
1.179520913965536672e-04 4.860901505322358389e+02
1.191755729651038120e-04 4.909564568933599276e+02
1.204117453399877773e-04 4.958714072995151696e+02
1.216607401591226150e-04 5.008354858193924315e+02
1.229226904258662995e-04 5.058491813023072723e+02
1.241977305231802139e-04 5.109129874248835108e+02
1.254859962279398730e-04 5.160274027382080249e+02
1.267876247253937351e-04 5.211929307154340449e+02
1.281027546237713222e-04 5.264100797998377175e+02
1.294315259690436836e-04 5.316793634533385102e+02
1.307740802598364883e-04 5.370013002054936351e+02
1.321305604624985381e-04 5.423764137029545509e+02
1.335011110263250775e-04 5.478052326909130443e+02
1.348858778989405621e-04 5.532882905753444902e+02
1.362850085418405616e-04 5.588261257369035775e+02
1.376986519460940428e-04 5.644192818378924130e+02
1.391269586482094759e-04 5.700683078748855905e+02
1.405700807461657395e-04 5.757737582301957673e+02
1.420281719156078239e-04 5.815361927238088811e+02
1.435013874262121313e-04 5.873561766658147008e+02
1.449898841582205320e-04 5.932342809093355527e+02
1.464938206191469707e-04 5.991710819039491298e+02
1.480133569606556488e-04 6.051671617496068620e+02
1.495486549956158765e-04 6.112231082510737679e+02
1.510998782153336235e-04 6.173395149728747811e+02
1.526671918069604720e-04 6.235169812947480068e+02
1.542507626710849322e-04 6.297561124676333293e+02
1.558507594395048472e-04 6.360575196701784080e+02
1.574673524931855483e-04 6.424218200657836633e+02
1.591007139804022981e-04 6.488496368601677204e+02
1.607510178350727399e-04 6.553415993594899192e+02
1.624184397952791630e-04 6.618983430290129490e+02
1.641031574219816434e-04 6.685205095523083401e+02
1.658053501179266914e-04 6.752087468910225425e+02
1.675251991467521144e-04 6.819637093179852627e+02
1.692628876522882817e-04 6.887860567419047584e+02
1.710186006780617287e-04 6.956764546499485959e+02
1.727925251869996107e-04 7.026355749412225578e+02
1.745848500813397737e-04 7.096640960303818702e+02
1.763957662227457412e-04 7.167627029090916722e+02
1.782254664526315745e-04 7.239320872080721756e+02
1.800741456126979086e-04 7.311729472596991855e+02
1.819420005656791908e-04 7.384859881611564560e+02
1.838292302163077596e-04 7.458719218381720566e+02
1.857360355324955234e-04 7.533314671093448851e+02
1.876626195667335361e-04 7.608653497510232455e+02
1.896091874777154607e-04 7.684743025627851694e+02
1.915759465521841621e-04 7.761590654335227555e+02
1.935631062270061172e-04 7.839203854081067675e+02
1.955708781114728846e-04 7.917590167546484281e+02
1.975994760098355690e-04 7.996757210323858089e+02
1.996491159440730127e-04 8.076712671601770808e+02
2.017200161768945271e-04 8.157464314855968723e+02
2.038123972349829914e-04 8.239019978546705261e+02
2.059264819324781030e-04 8.321387576822345409e+02
2.080624953947041958e-04 8.404575100229291138e+02
2.102206650821423031e-04 8.488590616411629526e+02
2.124012208146525615e-04 8.573442263174969185e+02
2.146043947959480971e-04 8.659138236561680060e+02
2.168304216383205808e-04 8.745686807579013475e+02
2.190795383876247460e-04 8.833096326006537993e+02
2.213519845485203497e-04 8.921375221113530642e+02
2.236480021099777307e-04 9.010532002382884684e+02
2.259678355710450397e-04 9.100575260240584612e+02
2.283117319668864927e-04 9.191513666792114918e+02
2.306799408950870674e-04 9.283355976564434968e+02
2.330727145422326139e-04 9.376111027254600003e+02
2.354903077107644042e-04 9.469787740484662208e+02
2.379329778461134598e-04 9.564395122562954157e+02
2.404009850641141430e-04 9.659942265251772824e+02
2.428945921787041128e-04 9.756438346541319788e+02
2.454140647299117572e-04 9.853892631430825304e+02
2.479596710121314542e-04 9.952314472715436295e+02
2.505316821026950364e-04 1.005171331178024275e+03
2.531303718907375625e-04 1.015209867940089453e+03
2.557560171063645517e-04 1.025348019655082226e+03
2.584088973501189718e-04 1.035586757521529307e+03
2.610892951227560877e-04 1.045927061921231370e+03
2.637974958553271983e-04 1.056369922502045029e+03
2.665337879395734012e-04 1.066916337738852462e+03
2.692984627586368662e-04 1.077567312028487777e+03
2.720918147180890752e-04 1.088323857693687614e+03
2.749141412772828589e-04 1.099186996435243373e+03
2.777657429810265503e-04 1.110157759416803628e+03
2.806469234915895243e-04 1.121237187346298015e+03
2.835579896210392321e-04 1.132426330557997744e+03
2.864992513639116824e-04 1.143726249095132516e+03
2.894710219302228495e-04 1.155138012793225016e+03
2.924736177788230689e-04 1.166662701363957467e+03
2.955073586510940952e-04 1.178301404479735083e+03
2.985725676049989048e-04 1.190055221858839332e+03
3.016695710494845151e-04 1.201925263351260810e+03
3.047986987792389042e-04 1.213912649025132623e+03
3.079602840098112464e-04 1.226018509253824732e+03
3.111546634130953558e-04 1.238243984803688363e+03
3.143821771531821380e-04 1.250590226922465035e+03
3.176431689225813751e-04 1.263058397428314947e+03
3.209379859788218429e-04 1.275649668799523852e+03
3.242669791814313334e-04 1.288365224264889775e+03
3.276305030292967976e-04 1.301206257894743885e+03
3.310289156984160485e-04 1.314173974692662341e+03
3.344625790800383127e-04 1.327269590478548707e+03
3.379318588192031184e-04 1.340494327777998933e+03
3.414371243536747005e-04 1.353849415938610719e+03
3.449787489532843898e-04 1.367336095091961624e+03
3.485571097596801217e-04 1.380955616399950713e+03
3.521725878264856638e-04 1.394709242141509776e+03
3.558255681598797553e-04 1.408598245799847746e+03
3.595164397595941282e-04 1.422623912150215801e+03
3.632455956603388120e-04 1.436787537348191563e+03
3.670134329736531508e-04 1.451090429018477835e+03
3.708203529301966816e-04 1.465533906344265233e+03
3.746667609224724996e-04 1.480119300157056159e+03
3.785530665479989424e-04 1.494847953027090853e+03
3.824796836529259047e-04 1.509721219354229333e+03
3.864470303761046756e-04 1.524740465459414736e+03
3.904555291936162294e-04 1.539907069676655055e+03
3.945056069637573764e-04 1.555222422445488064e+03
3.985976949724991374e-04 1.570687926404043992e+03
4.027322289794109996e-04 1.586304996482607748e+03
4.069096492640658538e-04 1.602075059997667722e+03
4.111304006729237697e-04 1.617999556746593726e+03
4.153949326667045832e-04 1.634079939102756725e+03
4.197036993682477248e-04 1.650317672091052145e+03
4.240571596108722442e-04 1.666714229599117289e+03
4.284557769872386038e-04 1.683271089620629482e+03
4.329000198987130541e-04 1.699989741464034978e+03
4.373903616052488485e-04 1.716871686938238099e+03
4.419272802757819659e-04 1.733918440437376603e+03
4.465112590391522918e-04 1.751131529025891496e+03
4.511427860355484700e-04 1.768512492523824676e+03
4.558223544684904629e-04 1.786062883592462185e+03
4.605504626573515034e-04 1.803784267820190735e+03
4.653276140904203588e-04 1.821678223808600251e+03
4.701543174785188144e-04 1.839746343258947718e+03
4.750310868091726425e-04 1.857990231058746076e+03
4.799584414013468984e-04 1.876411505368709641e+03
4.849369059607442972e-04 1.895011797709867324e+03
4.899670106356839635e-04 1.913792753050985993e+03
4.950492910735523151e-04 1.932756029896174368e+03
5.001842884778459749e-04 1.951903300372752255e+03
5.053725496658023749e-04 1.971236250319348073e+03
5.106146271266290022e-04 1.990756579374182365e+03
5.159110790803396896e-04 2.010466001063632802e+03
5.212624695371942656e-04 2.030366242890934245e+03
5.266693683577633543e-04 2.050459046425144606e+03
5.321323513136086772e-04 2.070746165191086675e+03
5.376520001485971803e-04 2.091229354657114982e+03
5.432289026408499604e-04 2.111910379835574531e+03
5.488636526653351000e-04 2.132791019405818588e+03
5.545568502571056020e-04 2.153873065789530756e+03
5.603091016751974955e-04 2.175158325222464555e+03
5.661210194671911474e-04 2.196648617825875590e+03
5.719932225344371906e-04 2.218345777677887327e+03
5.779263361979643070e-04 2.240251652884630403e+03
5.839209922650674548e-04 2.262368105651147289e+03
5.899778290965905286e-04 2.284697012352170987e+03
5.960974916749007396e-04 2.307240263602625873e+03
6.022806316725731485e-04 2.329999764327885714e+03
6.085279075217884951e-04 2.352977433833843406e+03
6.148399844844446493e-04 2.376175205876676500e+03
6.212175347230016343e-04 2.399595028732361698e+03
6.276612373720577261e-04 2.423238865265922414e+03
6.341717786106722439e-04 2.447108693000361200e+03
6.407498517354309102e-04 2.471206504185292488e+03
6.473961572342789347e-04 2.495534305865278839e+03
6.541114028611104371e-04 2.520094119947802938e+03
6.608963037111383878e-04 2.544887983270920358e+03
6.677515822970433307e-04 2.569917946769192440e+03
6.746779686259119467e-04 2.595186061714517109e+03
6.816762002769768437e-04 2.620694381894349590e+03
6.887470224801554028e-04 2.646444974845740944e+03
6.958911881954135941e-04 2.672439922228995329e+03
7.031094581929427274e-04 2.698681319866157082e+03
7.104026011341749419e-04 2.725171277778617423e+03
7.177713936536354823e-04 2.751911920223758443e+03
7.252166204416485686e-04 2.778905385730719445e+03
7.327390743278923034e-04 2.806153827135138272e+03
7.403395563658290730e-04 2.833659411612919030e+03
7.480188759180100323e-04 2.861424320713069847e+03
7.557778507422582273e-04 2.889450750389359655e+03
7.636173070787536645e-04 2.917740911031082760e+03
7.715380797380163181e-04 2.946297027492684265e+03
7.795410121898068041e-04 2.975121339122251356e+03
7.876269566529409301e-04 3.004216099789003238e+03
7.957967741860472828e-04 3.033583577909513224e+03
8.040513347792538693e-04 3.063226056472867185e+03
8.123915174468356861e-04 3.093145833064606904e+03
8.208182103208183384e-04 3.123345219889444706e+03
8.293323107455531033e-04 3.153826543792793018e+03
8.379347253732765581e-04 3.184592146150032022e+03
8.466263702606531463e-04 3.215644369492715668e+03
8.554081709663309292e-04 3.246985545258886759e+03
8.642810626494967568e-04 3.278618015310354167e+03
8.732459901694635982e-04 3.310544134565975128e+03
8.823039081862845030e-04 3.342766270976780561e+03
8.914557812624173717e-04 3.375286805499143611e+03
9.007025839654333793e-04 3.408108132065812697e+03
9.100453009718000594e-04 3.441232657554892739e+03
9.194849271717404600e-04 3.474662801756707267e+03
9.290224677751719468e-04 3.508400997338545949e+03
9.386589384187531701e-04 3.542449689807200230e+03
9.483953652740351832e-04 3.576811337469256614e+03
9.582327851567407810e-04 3.611488411389247176e+03
9.681722456371677239e-04 3.646483395345385816e+03
9.782148051517452255e-04 3.681798785783117182e+03
9.883615331157480453e-04 3.717437091766255435e+03
9.986135100371713261e-04 3.753400834925779236e+03
1.008971827631795779e-03 3.789692549406155194e+03
1.019437588939439742e-03 3.826314781809328906e+03
1.030011908441425547e-03 3.863270091136137580e+03
1.040695912179251306e-03 3.900561048725261116e+03
1.051490737874507999e-03 3.938190238189619777e+03
1.062397535050028452e-03 3.976160239606218056e+03
1.073417465152300479e-03 4.014473571631778213e+03
1.084551701675147244e-03 4.053132740442843897e+03
1.095801430284689152e-03 4.092140259886984495e+03
1.107167848945608086e-03 4.131498651311122558e+03
1.118652168048708991e-03 4.171210443383705751e+03
1.130255610539820672e-03 4.211278171912921607e+03
1.141979412050018019e-03 4.251704379660434824e+03
1.153824821027206850e-03 4.292491616150982736e+03
1.165793098869067268e-03 4.333642437477561543e+03
1.177885520057376980e-03 4.375159406102176035e+03
1.190103372293733466e-03 4.417045090652211911e+03
1.202447956636670855e-03 4.459302065712350668e+03
1.214920587640217061e-03 4.501932911611894269e+03
1.227522593493869489e-03 4.544940214207564168e+03
1.240255316164037445e-03 4.588326564661700104e+03
1.253120111536944106e-03 4.632094559215823210e+03
1.266118349563011020e-03 4.676246798959424268e+03
1.279251414402746406e-03 4.720785889594171749e+03
1.292520704574138743e-03 4.765714441193201310e+03
1.305927633101580838e-03 4.811035067955644990e+03
1.319473627666343640e-03 4.856750387956349186e+03
1.333160130758606100e-03 4.902863019846945463e+03
1.346988599831063426e-03 4.949375546230089640e+03
1.360960507454132785e-03 4.996290523779600335e+03
1.375077341472756044e-03 5.043610508761536039e+03
1.389340605164848764e-03 5.091338057232205756e+03
1.403751817401371806e-03 5.139475724699195780e+03
1.418312512808079552e-03 5.188026065776489304e+03
1.433024241928937143e-03 5.236991633833767992e+03
1.447888571391234714e-03 5.286374980639656314e+03
1.462907084072421170e-03 5.336178655999073271e+03
1.478081379268649919e-03 5.386405207384546884e+03
1.493413072865099663e-03 5.437057179561504199e+03
1.508903797508034461e-03 5.488137114207366722e+03
1.524555202778668994e-03 5.539647549524745955e+03
1.540368955368828178e-03 5.591591019848247925e+03
1.556346739258427812e-03 5.643970055245313233e+03
1.572490255894803783e-03 5.696787181110707934e+03
1.588801224373894393e-03 5.750044917754827111e+03
1.605281381623299220e-03 5.803745779985720219e+03
1.621932482587247265e-03 5.857892276684944591e+03
1.638756300413475890e-03 5.912486910376811466e+03
1.655754626642049181e-03 5.967532176791618440e+03
1.672929271396142838e-03 6.023030563246112251e+03
1.690282063574788428e-03 6.078984474923723610e+03
1.707814851047644456e-03 6.135396187784863287e+03
1.725529500851760191e-03 6.192267951442107005e+03
1.743427899390400781e-03 6.249601998648936387e+03
1.761511952633924545e-03 6.307400544667900249e+03
1.779783586322745623e-03 6.365665786630870571e+03
1.798244746172409725e-03 6.424399902891228521e+03
1.816897398080777369e-03 6.483605052368039651e+03
1.835743528337383315e-03 6.543283373882261913e+03
1.854785143834941424e-03 6.603436985484866454e+03
1.874024272283061508e-03 6.664067983777138579e+03
1.893462962424175347e-03 6.725178443222832357e+03
1.913103284251701586e-03 6.786770415452580892e+03
1.932947329230484419e-03 6.848845928560212087e+03
1.952997210519495652e-03 6.911406986391200917e+03
1.973255063196877566e-03 6.974455567823414640e+03
1.993723044487289483e-03 7.037993626039763512e+03
2.014403333991636545e-03 7.102023087793255399e+03
2.035298133919166610e-03 7.166545852664154154e+03
2.056409669321981014e-03 7.231563792309447308e+03
2.077740188331981749e-03 7.297078749704706752e+03
2.099291962400265475e-03 7.363092538378084100e+03
2.121067286539005114e-03 7.429606905215920051e+03
2.143068479565845945e-03 7.496623423791365894e+03
2.165297884350831769e-03 7.564143595354461468e+03
2.187757868065889379e-03 7.632168880803460524e+03
2.210450822436916402e-03 7.700700699738136791e+03
2.233379163998453452e-03 7.769740429504878193e+03
2.256545334351036866e-03 7.839289404233794812e+03
2.279951800421183873e-03 7.909348913867967894e+03
2.303601054724101291e-03 7.979920203184826278e+03
2.327495615629106025e-03 8.051004470809923987e+03
2.351638027627800300e-03 8.122602868223289079e+03
2.376030861605038947e-03 8.194716498758238231e+03
2.400676715112683938e-03 8.267346416592930836e+03
2.425578212646229900e-03 8.340493625735080059e+03
2.450738005924267635e-03 8.414159078999336998e+03
2.476158774170868476e-03 8.488343676978240183e+03
2.501843224400890787e-03 8.563048267006290189e+03
2.527794091708239835e-03 8.638273642117716008e+03
2.554014139557135663e-03 8.714020539997942251e+03
2.580506160076372069e-03 8.790289641928846322e+03
2.607272974356663817e-03 8.867081571728258496e+03
2.634317432751044803e-03 8.944396894683721257e+03
2.661642415178405198e-03 9.022236098979730741e+03
2.689250831430168437e-03 9.100599429560334102e+03
2.717145621480146229e-03 9.179486954539430371e+03
2.745329755797619713e-03 9.258898666993231018e+03
2.773806235663654578e-03 9.338834485047804264e+03
2.802578093490696969e-03 9.419294250605104025e+03
2.831648393145497905e-03 9.500277728065053452e+03
2.861020230275377035e-03 9.581784603043792231e+03
2.890696732637868666e-03 9.663814481088485991e+03
2.920681060433805588e-03 9.746366886389176216e+03
2.950976406643820733e-03 9.829441260487705222e+03
2.981585997368386368e-03 9.913036960984529287e+03
3.012513092171336185e-03 9.997153260243396289e+03
3.043760984426982594e-03 1.008178934409453541e+04
3.075333001670818404e-03 1.016694431053658263e+04
3.107232505953858373e-03 1.025261716843764225e+04
3.139462894200670522e-03 1.033880683623621917e+04
3.172027598571088534e-03 1.042551214064193664e+04
3.204930086825717988e-03 1.051273181533678508e+04
3.238173862695195235e-03 1.060046449967733679e+04
3.271762466253301700e-03 1.068870873739825402e+04
3.305699474293941412e-03 1.077746297531764867e+04
3.339988500712021222e-03 1.086672555763234777e+04
3.374633196888302683e-03 1.095649454189274184e+04
3.409637252078209519e-03 1.104676762510055960e+04
3.445004393804715175e-03 1.113754236948922153e+04
3.480738388255257953e-03 1.122881621842552704e+04
3.516843040682808650e-03 1.132058649492849327e+04
3.553322195811082877e-03 1.141285040019516418e+04
3.590179738243955750e-03 1.150560501213506905e+04
3.627419592879137060e-03 1.159884728391312638e+04
3.665045725326119500e-03 1.169257404250255058e+04
3.703062142328464139e-03 1.178678198724785398e+04
3.741472892190480376e-03 1.188146768843903737e+04
3.780282065208321642e-03 1.197662758589752593e+04
3.819493794105548439e-03 1.207225798757494886e+04
3.859112254473232896e-03 1.216835506816514498e+04
3.899141665214579666e-03 1.226491486773023644e+04
3.939586288994225381e-03 1.236193329034200360e+04
3.980450432692131217e-03 1.245940610273888524e+04
4.021738447862234674e-03 1.255732893299953867e+04
4.063454731195831511e-03 1.265569726923404232e+04
4.105603724989770678e-03 1.275450645829326641e+04
4.148189917619522944e-03 1.285375170449740472e+04
4.191217844017111963e-03 1.295342806834347357e+04
4.234692086154062153e-03 1.305353033643885465e+04
4.278617273529298354e-03 1.315405272810472343e+04
4.322998083662151630e-03 1.325498921423263710e+04
4.367839242590452163e-03 1.335633359758513325e+04
4.413145525373795078e-03 1.345807951146774030e+04
4.458921756602046010e-03 1.356022041843253282e+04
4.505172810909071658e-03 1.366274960901404665e+04
4.551903613491869657e-03 1.376566020049922918e+04
4.599119140635010185e-03 1.386894513573255972e+04
4.646824420240569693e-03 1.397259718195724599e+04
4.695024532363543772e-03 1.407660892969416091e+04
4.743724609752801580e-03 1.418097279165945838e+04
4.792929838397685938e-03 1.428568100172226332e+04
4.842645458080246067e-03 1.439072561390362353e+04
4.892876762933204456e-03 1.449609850141824973e+04
4.943629102003735051e-03 1.460179135575963664e+04
4.994907879823069254e-03 1.470779568583097534e+04
5.046718556982011245e-03 1.481410281712178221e+04
5.099066650712445053e-03 1.492070389093289305e+04
5.151957735474822081e-03 1.502758986364979864e+04
5.205397443551816432e-03 1.513475150606698116e+04
5.259391465648061322e-03 1.524217940276329864e+04
5.313945551496159110e-03 1.534986387942222063e+04
5.369065510468964963e-03 1.545779446125866343e+04
5.424757212198200521e-03 1.556596015840307155e+04
5.481026587199532007e-03 1.567434976267233833e+04
5.537879627504057288e-03 1.578295184934123427e+04
5.595322387296432567e-03 1.589175477673700516e+04
5.653360983559536403e-03 1.600074668590944566e+04
5.712001596725872245e-03 1.610991550037854904e+04
5.771250471335715587e-03 1.621924892596088466e+04
5.831113916702069903e-03 1.632873445067690227e+04
5.891598307582561478e-03 1.643835934474082387e+04
5.952710084858255785e-03 1.654811066063453472e+04
6.014455756219530720e-03 1.665797523326762530e+04
6.076841896859084755e-03 1.676793968022506670e+04
6.139875150172112959e-03 1.687799040210409657e+04
6.203562228463743722e-03 1.698811358294207093e+04
6.267909913663848032e-03 1.709829519073748088e+04
6.332925058049187518e-03 1.720852097806436723e+04
6.398614584973157972e-03 1.731877648278378911e+04
6.464985489602998250e-03 1.742904702885154620e+04
6.532044839664717835e-03 1.753931772722644018e+04
6.599799776195723958e-03 1.764957347687772926e+04
6.668257514305248913e-03 1.775979893549795452e+04
6.737425343942705057e-03 1.786997763354943891e+04
6.807310630673930191e-03 1.798009180952637325e+04
6.877920816465586153e-03 1.809012338687696683e+04
6.949263420477598714e-03 1.820005403308777386e+04
7.021346039863883386e-03 1.830986516148854571e+04
7.094176350581351057e-03 1.841953793320915065e+04
7.167762108207293217e-03 1.852905325929056926e+04
7.242111148765296817e-03 1.863839180295266124e+04
7.317231389559636714e-03 1.874753398202020617e+04
7.393130830018429349e-03 1.885645997150998664e+04
7.469817552545434010e-03 1.896514970637987790e+04
7.547299723380760175e-03 1.907358288444275240e+04
7.625585593470467910e-03 1.918173896944698572e+04
7.704683499345194898e-03 1.928959719432432030e+04
7.784601864007915928e-03 1.939713656460831407e+04
7.865349197830884265e-03 1.950433586202369406e+04
7.946934099461870279e-03 1.961117364824881224e+04
8.029365256739836101e-03 1.971762826885232062e+04
8.112651447620085332e-03 1.982367785740594627e+04
8.196801541109008382e-03 1.992930033977388666e+04
8.281824498208549198e-03 2.003447343858055683e+04
8.367729372870402055e-03 2.013917467666248558e+04
8.454525312960207289e-03 2.024338064856074925e+04
8.542221561231645374e-03 2.034706575326406528e+04
8.630827456310705137e-03 2.045020381672765143e+04
8.720352433690133076e-03 2.055276842551765731e+04
8.810806026734199076e-03 2.065473293330280649e+04
8.902197867693915564e-03 2.075607046760638332e+04
8.994537688732706648e-03 2.085675393681899004e+04
9.087835322962832529e-03 2.095675603747372952e+04
9.182100705492446044e-03 2.105604926178408641e+04
9.277343874483595307e-03 2.115460590544597653e+04
9.373574972221162052e-03 2.125239807570392804e+04
9.470804246192895265e-03 2.134939769968143082e+04
9.569042050180677147e-03 2.144557653297671277e+04
9.668298845363016217e-03 2.154090616852214225e+04
9.768585201429119680e-03 2.163535804570847176e+04
9.869911797704371617e-03 2.172890345977210018e+04
9.972289424287598611e-03 2.182151357144549183e+04
1.007572898320006384e-02 2.191315941686895894e+04
1.018024148954644985e-02 2.200381191776303967e+04
1.028583807268777794e-02 2.209344189185947471e+04
1.039252997742657995e-02 2.218202006358946528e+04
1.050032856520437784e-02 2.226951707502643694e+04
1.060924531531147810e-02 2.235590301676337913e+04
1.071929182610941930e-02 2.244114456686221456e+04
1.083047981626604830e-02 2.252520687459971305e+04
1.094282112600346302e-02 2.260805497191832183e+04
1.105632771835878513e-02 2.268965379364779437e+04
1.117101168045813060e-02 2.276996819303314260e+04
1.128688522480376412e-02 2.284896295764654860e+04
1.140396069057453970e-02 2.292660282567981267e+04
1.152225054493989133e-02 2.300285250261303736e+04
1.164176738438749310e-02 2.307767667825343960e+04
1.176252393606456309e-02 2.315104004413924486e+04
1.188453305913319755e-02 2.322290731130186032e+04
1.200780774613970439e-02 2.329324322837984073e+04
1.213236112439820130e-02 2.336201260007746896e+04
1.225820645738844895e-02 2.342918030595972959e+04
1.238535714616830104e-02 2.349471131957551188e+04
1.251382673080078146e-02 2.355857072790043458e+04
1.264362889179588764e-02 2.362072375108887354e+04
1.277477745156742686e-02 2.368113576252647545e+04
1.290728637590498641e-02 2.373977230917161432e+04
1.304116977546105130e-02 2.379659913217497524e+04
1.317644190725367204e-02 2.385158218776606009e+04
1.331311717618464778e-02 2.390468750992545029e+04
1.345121013657353190e-02 2.395587784270209522e+04
1.359073549370741658e-02 2.400511268374257997e+04
1.373170810540691109e-02 2.405235162912069427e+04
1.387414298360837434e-02 2.409755454815875419e+04
1.401805529596242446e-02 2.414068161211240658e+04
1.416346036744916929e-02 2.418169332324101197e+04
1.431037368201011108e-02 2.422055054424393165e+04
1.445881088419706702e-02 2.425721452804072032e+04
1.460878778083803814e-02 2.429164694787347617e+04
1.476032034272050167e-02 2.432380992770785451e+04
1.491342470629215128e-02 2.435366607290890533e+04
1.506811717537915631e-02 2.438117850116558475e+04
1.522441422292236841e-02 2.440631087363951156e+04
1.538233249273155030e-02 2.442902742630872308e+04
1.554188880125764900e-02 2.444929300148076072e+04
1.570310013938361685e-02 2.446707307944404602e+04
1.586598367423370376e-02 2.448233381022939648e+04
1.603055675100163030e-02 2.449504204545007087e+04
1.619683689479754427e-02 2.450516537018907911e+04
1.636484181251428652e-02 2.451267213490130962e+04
1.653458939471302847e-02 2.451753148729785244e+04
1.670609771752830028e-02 2.451971339994547816e+04
1.687938504459292680e-02 2.451918772227413865e+04
1.705446982898297173e-02 2.451592295735945299e+04
1.723137071518264854e-02 2.450988822614023229e+04
1.741010654106980513e-02 2.450105361272570735e+04
1.759069633992193377e-02 2.448939019954916148e+04
1.777315934244302204e-02 2.447487010232441025e+04
1.795751497881132447e-02 2.445746650476019204e+04
1.814378288074848869e-02 2.443715369298866426e+04
1.833198288361016087e-02 2.441390708966231978e+04
1.852213502849810872e-02 2.438770328767297542e+04
1.871425956439442054e-02 2.435852008344733986e+04
1.890837695031784629e-02 2.432633650977081561e+04
1.910450785750232236e-02 2.429113286809283090e+04
1.930267317159830090e-02 2.425289076026583280e+04
1.950289399489678333e-02 2.421159311966909081e+04
1.970519164857654354e-02 2.416722424166950077e+04
1.990958767497447851e-02 2.411976981337017787e+04
2.011610383987966558e-02 2.406921694259887227e+04
2.032476213485121669e-02 2.401555418608620676e+04
2.053558477956002673e-02 2.395877157678605363e+04
2.074859422415496063e-02 2.389886065028915255e+04
2.096381315165350701e-02 2.383581447028153343e+04
2.118126448035734938e-02 2.376962891756842146e+04
2.140097136629273700e-02 2.370030869721101408e+04
2.162295720567642895e-02 2.362786259460567089e+04
2.184724563740716996e-02 2.355230086818084965e+04
2.207386054558281574e-02 2.347363525146200118e+04
2.230282606204379153e-02 2.339187895725116323e+04
2.253416656894291492e-02 2.330704668063772624e+04
2.276790670134167319e-02 2.321915460082073332e+04
2.300407134983365257e-02 2.312822038172933389e+04
2.324268566319506388e-02 2.303426317142480184e+04
2.348377505106288149e-02 2.293730360027122879e+04
2.372736518664052621e-02 2.283736377786372759e+04
2.397348200943183807e-02 2.273446728870126026e+04
2.422215172800340488e-02 2.262863918659733827e+04
2.447340082277531248e-02 2.251990598781833251e+04
2.472725604884108350e-02 2.240829566294460892e+04
2.498374443881685655e-02 2.229383762744874912e+04
2.524289330571988926e-02 2.217656273098743259e+04
2.550473024587717602e-02 2.205650324540578004e+04
2.576928314186408692e-02 2.193369285145272806e+04
2.603658016547364187e-02 2.180816662420996363e+04
2.630664978071630897e-02 2.167996101723671381e+04
2.657952074685118737e-02 2.154911555551470519e+04
2.685522212144859575e-02 2.141570020875289629e+04
2.713378326348420480e-02 2.127980983114473202e+04
2.741523383646551557e-02 2.114153987857457469e+04
2.769960381159075613e-02 2.100098555357257283e+04
2.798692347094029059e-02 2.085824172422001357e+04
2.827722341070142142e-02 2.071340284552974117e+04
2.857053454442647772e-02 2.056656288334698547e+04
2.886688810632485197e-02 2.041781524080782401e+04
2.916631565458890907e-02 2.026725268738987143e+04
2.946884907475465221e-02 2.011496729058100027e+04
2.977452058309724980e-02 1.996105035018878334e+04
3.008336273006151015e-02 1.980559233530711936e+04
3.039540840372825445e-02 1.964868282395124334e+04
3.071069083331643204e-02 1.949041044536826666e+04
3.102924359272178634e-02 1.933086282502370159e+04
3.135110060409188742e-02 1.917012653226259863e+04
3.167629614143854105e-02 1.900828703063636567e+04
3.200486483428766765e-02 1.884542863088447848e+04
3.233684167136674503e-02 1.868163444655487183e+04
3.267226200433079319e-02 1.851698635224317695e+04
3.301116155152701570e-02 1.835156494442742769e+04
3.335357640179820865e-02 1.818544993050023550e+04
3.369954301832588789e-02 1.801875186758448035e+04
3.404909824251316913e-02 1.785163258848276018e+04
3.440227929790804634e-02 1.768425441652456357e+04
3.475912379416709608e-02 1.751677479377632699e+04
3.511966973106055157e-02 1.734934625738222167e+04
3.548395550251891295e-02 1.718211642910469527e+04
3.585201990072130196e-02 1.701522801743906530e+04
3.622390212022642136e-02 1.684881883167535852e+04
3.659964176214647313e-02 1.668302180727983432e+04
3.697927883836395202e-02 1.651796504197269678e+04
3.736285377579263295e-02 1.635377184188308638e+04
3.775040742068245386e-02 1.619056077717057451e+04
3.814198104296935565e-02 1.602844574651220864e+04
3.853761634066976693e-02 1.586753604986574646e+04
3.893735544432112838e-02 1.570793646893295772e+04
3.934124092146838031e-02 1.554974735476229034e+04
3.974931578119667019e-02 1.539306472194653725e+04
4.016162347871151533e-02 1.523798034888802249e+04
4.057820791996615689e-02 1.508458188362438887e+04
4.099911346633720866e-02 1.493295295472544058e+04
4.142438493934837151e-02 1.478317330807050348e+04
4.185406762544353898e-02 1.463532111084835742e+04
4.228820728080939784e-02 1.448947485212289212e+04
4.272685013624765576e-02 1.434570967990377721e+04
4.317004290209822820e-02 1.420409708244495232e+04
4.361783277321347463e-02 1.406470503113122322e+04
4.407026743398362312e-02 1.392759812617080752e+04
4.452739506341479164e-02 1.379283774473539597e+04
4.498926434025938420e-02 1.366048219121630609e+04
4.545592444820000660e-02 1.353058684929182891e+04
4.592742508108667299e-02 1.340320433552925169e+04
4.640381644822875323e-02 1.327838465427066330e+04
4.688514927974182789e-02 1.315617535357976340e+04
4.737147483194956155e-02 1.303662168205287708e+04
4.786284489284205884e-02 1.291976674632426875e+04
4.835931178759080018e-02 1.280565025803787103e+04
4.886092838412040007e-02 1.269426456824978231e+04
4.936774809873859665e-02 1.258554785707773408e+04
4.987982490182436141e-02 1.247943696195948723e+04
5.039721332357534334e-02 1.237587058617567527e+04
5.091996845981438397e-02 1.227478923682298773e+04
5.144814597785669213e-02 1.217613516503584469e+04
5.198180212243798393e-02 1.207985230836828850e+04
5.252099372170353914e-02 1.198588623524987088e+04
5.306577819325992290e-02 1.189418409143308600e+04
5.361621355028924757e-02 1.180468114269524085e+04
5.417235840772705729e-02 1.171725239007717573e+04
5.473427198850383535e-02 1.163175845573522383e+04
5.530201412985170234e-02 1.154806391833991438e+04
5.587564528967656208e-02 1.146603712992944020e+04
5.645522655299584081e-02 1.138555004566265961e+04
5.704081963844345043e-02 1.130647806794003736e+04
5.763248690484232967e-02 1.122869159357434910e+04
5.823029135784452831e-02 1.115199969810760740e+04
5.883429665664086095e-02 1.107618616734477655e+04
5.944456712073971361e-02 1.100104030945937848e+04
6.006116773681655779e-02 1.092635699515127635e+04
6.068416416563393589e-02 1.085193655445868353e+04
6.131362274903372905e-02 1.077758411024724955e+04
6.194961051700196425e-02 1.070310584728082358e+04
6.259219519480639649e-02 1.062831156691780961e+04
6.324144521020856613e-02 1.055301665746281105e+04
6.389742970075083794e-02 1.047704217359200811e+04
6.456021852111831771e-02 1.040021233590754309e+04
6.522988225057776979e-02 1.032230976407286835e+04
6.590649220049343837e-02 1.024308318609765774e+04
6.659012042192108405e-02 1.016228908513084207e+04
6.728083971328022161e-02 1.007969350758076689e+04
6.797872362810644664e-02 9.995079812385170953e+03
6.868384648288426708e-02 9.908300701894517260e+03
6.939628336496055094e-02 9.819245969316229093e+03
7.011611014054058844e-02 9.727813458494510996e+03
7.084340346276726819e-02 9.633908998195191089e+03
7.157824077988320099e-02 9.537435876347162775e+03
7.232070034347845566e-02 9.438289571287539729e+03
7.307086121682317137e-02 9.336374425242174766e+03
7.382880328328730868e-02 9.231605608167765240e+03
7.459460725484669263e-02 9.123931808935376466e+03
7.536835468067826227e-02 9.013370426423301979e+03
7.615012795584423511e-02 8.899956034173430453e+03
7.694001033006582502e-02 8.783730644746810867e+03
7.773808591658860900e-02 8.664771804013949804e+03
7.854443970113950124e-02 8.543235325552921495e+03
7.935915755097705526e-02 8.419290028474100836e+03
8.018232622403481669e-02 8.293105585410088679e+03
8.101403337816025230e-02 8.164881120793641458e+03
8.185436758044963013e-02 8.034862744594470314e+03
8.270341831667875343e-02 7.903295508938792409e+03
8.356127600083250451e-02 7.770421230684611146e+03
8.442803198473308735e-02 7.636528470987200308e+03
8.530377856776739931e-02 7.501938096595502429e+03
8.618860900671625191e-02 7.366957377337153048e+03
8.708261752568484393e-02 7.231898233197906848e+03
8.798589932613701259e-02 7.097147461749214926e+03
8.889855059703244411e-02 6.963094347768977968e+03
8.982066852506995214e-02 6.830102798763571627e+03
9.075235130503706005e-02 6.698527611848325250e+03
9.169369815026599813e-02 6.568718309634044999e+03
9.264480930319904384e-02 6.440998753523540472e+03
9.360578604606346886e-02 6.315680103744047301e+03
9.457673071165635659e-02 6.193115308680257840e+03
9.555774669424217660e-02 6.073648657711542000e+03
9.654893846056293583e-02 5.957593589111183974e+03
9.755041156096302957e-02 5.845211223644224447e+03
9.856227264062851490e-02 5.736714134791393008e+03
9.958462945094392893e-02 5.632294057008302843e+03
1.006175908609667630e-01 5.532115391408689902e+03
1.016612668690202309e-01 5.436299776765928982e+03
1.027157686144070520e-01 5.344952843767679042e+03
1.037812083892448306e-01 5.258161445822299356e+03
1.048576996504232001e-01 5.175924622140050815e+03
1.059453570316861298e-01 5.098201352843392669e+03
1.070442963558387722e-01 5.024950903258820290e+03
1.081546346470817904e-01 4.956062016655255320e+03
1.092764901434723074e-01 4.891347363895982198e+03
1.104099823095152644e-01 4.830627107214865646e+03
1.115552318488853417e-01 4.773686606754468812e+03
1.127123607172797609e-01 4.720209030629373046e+03
1.138814921354056597e-01 4.669876745533038047e+03
1.150627506021013602e-01 4.622369826213239321e+03
1.162562619075945547e-01 4.577283999783295258e+03
1.174621531468967861e-01 4.534198162002317986e+03
1.186805527333379406e-01 4.492703361062426666e+03
1.199115904122410592e-01 4.452350722129132009e+03
1.211553972747381053e-01 4.412669773314461963e+03
1.224121057717298816e-01 4.373205235538213856e+03
1.236818497279909140e-01 4.333497241131385636e+03
1.249647643564195110e-01 4.293076675024338329e+03
1.262609862724368426e-01 4.251491137212383364e+03
1.275706535085346094e-01 4.208322507805119130e+03
1.288939055289743951e-01 4.163207264175061937e+03
1.302308832446383013e-01 4.115807171134953933e+03
1.315817290280345830e-01 4.065831658048461577e+03
1.329465867284590763e-01 4.013123631594447488e+03
1.343256016873127512e-01 3.957574715555766943e+03
1.357189207535791919e-01 3.899104376009245698e+03
1.371266922994627269e-01 3.837728616545575733e+03
1.385490662361875402e-01 3.773516043578070366e+03
1.399861940299619578e-01 3.706557239287262291e+03
1.414382287181076558e-01 3.637118288869995013e+03
1.429053249253567637e-01 3.565600593170028333e+03
1.443876388803169153e-01 3.492396414834015559e+03
1.458853284321079968e-01 3.417933048412055996e+03
1.473985530671718669e-01 3.342687344005239538e+03
1.489274739262547720e-01 3.267111140149491348e+03
1.504722538215676753e-01 3.191682348117677066e+03
1.520330572541234160e-01 3.116978751529074543e+03
1.536100504312548631e-01 3.043547787965216685e+03
1.552034012843130917e-01 2.971889580292028313e+03
1.568132794865505220e-01 2.902469603622008890e+03
1.584398564711897717e-01 2.835710624244414248e+03
1.600833054496781371e-01 2.771984121556160062e+03
1.617438014301331994e-01 2.711558717066056943e+03
1.634215212359795832e-01 2.654646598297830678e+03
1.651166435247777009e-01 2.601431952602705678e+03
1.668293488072491171e-01 2.551967493288103924e+03
1.685598194664988114e-01 2.506215076264464642e+03
1.703082397774372536e-01 2.464135468387195942e+03
1.720747959264026794e-01 2.425549925202116810e+03
1.738596760309882028e-01 2.390114153979642197e+03
1.756630701600746525e-01 2.357496643189496353e+03
1.774851703540697156e-01 2.327336082828468989e+03
1.793261706453584126e-01 2.299185919788852061e+03
1.811862670789659013e-01 2.272609963517585129e+03
1.830656577334328905e-01 2.247162417816766720e+03
1.849645427419094046e-01 2.222308376866458275e+03
1.868831243134661813e-01 2.197512006437622858e+03
1.888216067546285015e-01 2.172263093379473958e+03
1.907801964911311765e-01 2.146087722428360394e+03
1.927591020899009910e-01 2.118541680277653995e+03
1.947585342812674924e-01 2.089221722304266223e+03
1.967787059814017914e-01 2.057915420306516353e+03
1.988198323149907298e-01 2.024537251701242212e+03
2.008821306381445571e-01 1.989027657070784244e+03
2.029658205615436917e-01 1.951505270797988487e+03
2.050711239738235159e-01 1.912263208878891646e+03
2.071982650652034463e-01 1.871595225149558928e+03
2.093474703513612811e-01 1.829868902777045378e+03
2.115189686975531558e-01 1.787577542080377498e+03
2.137129913429856864e-01 1.745192652582853270e+03
2.159297719254408832e-01 1.703162314568475949e+03
2.181695465061545269e-01 1.661939230692364845e+03
2.204325535949548664e-01 1.621941210870580790e+03
2.227190341756605518e-01 1.583535130919684661e+03
2.250292317317436896e-01 1.547001186188699648e+03
2.273633922722564371e-01 1.512575562433680716e+03
2.297217643580289070e-01 1.480456160414137003e+03
2.321045991281386611e-01 1.450677123245759049e+03
2.345121503266525964e-01 1.423190543914304726e+03
2.369446743296485802e-01 1.397944420254242004e+03
2.394024301725171111e-01 1.374731607740687650e+03
2.418856795775441715e-01 1.353215938779957469e+03
2.443946869817825163e-01 1.333077348270064249e+03
2.469297195652107313e-01 1.313946448535178661e+03
2.494910472791856126e-01 1.295372713185586917e+03
2.520789428751875616e-01 1.276922321897520760e+03
2.546936819338658786e-01 1.258217125935001604e+03
2.573355428943860379e-01 1.238979672168276693e+03
2.600048070840783043e-01 1.218963216399399926e+03
2.627017587483967409e-01 1.197974811318576712e+03
2.654266850811888290e-01 1.175990235646573183e+03
2.681798762552767279e-01 1.153034633742966435e+03
2.709616254533581681e-01 1.129160504416453705e+03
2.737722288992265884e-01 1.104596976766651096e+03
2.766119858893165695e-01 1.079642534006678261e+03
2.794811988245737844e-01 1.054579297296325421e+03
2.823801732426579614e-01 1.029737900137303996e+03
2.853092178504798571e-01 1.005476524792901500e+03
2.882686445570733502e-01 9.821200741823023463e+02
2.912587685068113164e-01 9.598964042599695858e+02
2.942799081129639505e-01 9.389223491753150483e+02
2.973323850916075317e-01 9.192969089050822049e+02
3.004165244958815206e-01 9.010358067069123535e+02
3.035326547506037587e-01 8.839771061518331408e+02
3.066811076872450470e-01 8.679455507564504160e+02
3.098622185792631600e-01 8.527601735408912873e+02
3.130763261778065631e-01 8.381715652372236036e+02
3.163237727477885564e-01 8.239244558784571382e+02
3.196049041043324546e-01 8.097825975266276828e+02
3.229200696495981848e-01 7.955461219331917846e+02
3.262696224099888020e-01 7.810401529764823181e+02
3.296539190737451386e-01 7.661098876520394469e+02
3.330733200289268114e-01 7.507423956453061464e+02
3.365281894017903563e-01 7.350504030822813775e+02
3.400188950955655987e-01 7.191457203564178826e+02
3.435458088296307055e-01 7.031677376761393816e+02
3.471093061790973544e-01 6.873079381779033383e+02
3.507097666148057957e-01 6.717482914462334520e+02
3.543475735437321417e-01 6.566468970062236394e+02
3.580231143498182056e-01 6.421180807001271660e+02
3.617367804352224492e-01 6.282584305364084685e+02
3.654889672620013630e-01 6.151418264513304166e+02
3.692800743942192265e-01 6.027104655480018209e+02
3.731105055404982385e-01 5.908439292848717059e+02
3.769806685970099047e-01 5.794293861780870429e+02
3.808909756909087951e-01 5.683440635270644634e+02
3.848418432242205478e-01 5.574526166080312350e+02
3.888336919181848983e-01 5.466283744059225000e+02
3.928669468580553992e-01 5.357765427420483775e+02
3.969420375383673760e-01 5.248754608139785205e+02
4.010593979086734540e-01 5.139178919884047900e+02
4.052194664197555363e-01 5.029059998620958822e+02
4.094226860703126247e-01 4.919149542431751456e+02
4.136695044541357502e-01 4.810525507689739015e+02
4.179603738077731778e-01 4.704175285742799133e+02
4.222957510586853869e-01 4.600786094776312325e+02
4.266760978739046473e-01 4.500651050238523680e+02
4.311018807091959171e-01 4.404004372302687784e+02
4.355735708587307742e-01 4.310968760134118156e+02
4.400916445052723280e-01 4.221147452162056197e+02
4.446565827708841567e-01 4.133989304803141067e+02
4.492688717681657118e-01 4.048982971381759057e+02
4.539290026520148014e-01 3.965637293112800421e+02
4.586374716719313627e-01 3.883473024550839341e+02
4.633947802248634118e-01 3.802046790367951985e+02
4.682014349085974469e-01 3.721011277773095003e+02
4.730579475757067942e-01 3.640523577202922638e+02
4.779648353880571188e-01 3.560956066977383898e+02
4.829226208718800928e-01 3.482651754158534914e+02
4.879318319734133325e-01 3.405918455464980639e+02
4.929930021151219255e-01 3.331020550559189246e+02
4.981066702525033252e-01 3.258194344096658028e+02
5.032733809314767770e-01 3.187649014806368086e+02
5.084936843463725431e-01 3.119335050684086923e+02
5.137681363985225902e-01 3.052832418009855360e+02
5.190972987554548501e-01 2.987720576685750302e+02
5.244817389107061523e-01 2.923617373426315567e+02
5.299220302442523289e-01 2.860357034864312595e+02
5.354187520835690384e-01 2.798011867699790400e+02
5.409724897653199749e-01 2.736661306392335860e+02
5.465838346976898965e-01 2.676377627234420515e+02
5.522533844233645794e-01 2.617240570355438081e+02
5.579817426831585880e-01 2.559342619262339156e+02
5.637695194803089560e-01 2.502768294292251881e+02
5.696173311454323374e-01 2.447592897830292600e+02
5.755258004021591711e-01 2.393834032359177968e+02
5.814955564334429727e-01 2.341359947778647381e+02
5.875272349485629597e-01 2.290021237872483368e+02
5.936214782508211218e-01 2.239679600002370705e+02
5.997789353059369555e-01 2.190213012507889232e+02
6.060002618111558492e-01 2.141602532143871827e+02
6.122861202650753398e-01 2.093905613777151018e+02
6.186371800381900155e-01 2.047175950808000664e+02
6.250541174441738290e-01 2.001461352572580665e+02
6.315376158118983785e-01 1.956798245886106145e+02
6.380883655582020308e-01 1.913162502640745970e+02
6.447070642614076696e-01 1.870499561476770509e+02
6.513944167356078285e-01 1.828757802005408166e+02
6.581511351057220960e-01 1.787888760353839928e+02
6.649779388833254590e-01 1.747847420684781241e+02
6.718755550432701229e-01 1.708608737900142387e+02
6.788447181011016962e-01 1.670170737288022167e+02
6.858861701912728481e-01 1.632532009568559488e+02
6.930006611461742017e-01 1.595690187036556154e+02
7.001889485759814624e-01 1.559642003047470382e+02
7.074517979493352149e-01 1.524383126056217748e+02
7.147899826748497221e-01 1.489901436023324379e+02
7.222042841834741544e-01 1.456176580261667368e+02
7.296954920117081356e-01 1.423188422660392121e+02
7.372644038856738247e-01 1.390917524693725227e+02
7.449118258060670739e-01 1.359345118850989707e+02
7.526385721339859947e-01 1.328453083136660382e+02
7.604454656776534760e-01 1.298224023400227338e+02
7.683333377800325437e-01 1.268643396600642035e+02
7.763030284073566545e-01 1.239699158456201786e+02
7.843553862385788111e-01 1.211379503704966822e+02
7.924912687557409408e-01 1.183672773363102380e+02
8.007115423352886285e-01 1.156567455687667803e+02
8.090170823403317613e-01 1.130052187004083777e+02
8.174087732138565210e-01 1.104115752403016586e+02
8.258875085729107113e-01 1.078747086233090329e+02
8.344541913037620828e-01 1.053935109328924256e+02
8.431097336580488655e-01 1.029668410990783372e+02
8.518550573499183987e-01 1.005935696707078506e+02
8.606910936541819490e-01 9.827258877925574154e+01
8.696187835054864923e-01 9.600281177277268796e+01
8.786390775985087886e-01 9.378317285487450761e+01
8.877529364891955099e-01 9.161262672873601787e+01
8.969613306970538602e-01 8.949014824605015406e+01
9.062652408084953537e-01 8.741473206091326631e+01
9.156656575812602838e-01 8.538539228859063712e+01
9.251635820499199969e-01 8.340116217013246569e+01
9.347600256324792856e-01 8.146109427814297987e+01
9.444560102380750166e-01 7.956426099699396559e+01
9.542525683757999699e-01 7.770975290128828306e+01
9.641507432646561071e-01 7.589667820390418740e+01
9.741515889446394905e-01 7.412416245385932712e+01
9.842561703889861624e-01 7.239134823829716936e+01
9.944655636175818714e-01 7.069739488857113940e+01
1.004780855811539420e+00 6.904147819039700096e+01
1.015203145428977827e+00 6.742279009804055079e+01
1.025733542321989544e+00 6.584053845251607129e+01
1.036373167854829136e+00 6.429394670375948806e+01
1.047123155023325980e+00 6.278225363674772552e+01
1.057984648575533981e+00 6.130471310153240694e+01
1.068958805133634726e+00 5.986059374715453174e+01
1.080046793317100962e+00 5.844917875940639362e+01
1.091249793867151263e+00 5.706976549361026230e+01
1.102568999772470359e+00 5.572166495248801255e+01
1.114005616396258391e+00 5.440420187199799784e+01
1.125560861604585350e+00 5.311671456547782100e+01
1.137235965896079781e+00 5.185855467716431377e+01
1.149032172532962193e+00 5.062908693949052719e+01
1.160950737673435817e+00 4.942768893411829367e+01
1.172992930505462716e+00 4.825375085666775732e+01
1.185160033381902123e+00 4.710667528510614233e+01
1.197453341957076756e+00 4.598587695175141477e+01
1.209874165324741790e+00 4.489078251885539572e+01
1.222423826157487792e+00 4.382083035772427593e+01
1.235103660847588491e+00 4.277547033133756571e+01
1.247915019649319612e+00 4.175416358042419063e+01
1.260859266822731417e+00 4.075638231295931035e+01
1.273937780778935380e+00 3.978160959703788535e+01
1.287151954226886996e+00 3.882933915708800043e+01
1.300503194321693146e+00 3.789907517338372145e+01
1.313992922814457120e+00 3.699033208481775148e+01
1.327622576203676186e+00 3.610263439489461490e+01
1.341393605888222540e+00 3.523551657711008289e+01
1.355307478321884362e+00 3.438852319748611563e+01
1.369365675169536445e+00 3.356120838707566634e+01
1.383569693464917982e+00 3.275313554025500196e+01
1.397921045770048609e+00 3.196387713956842092e+01
1.412421260336298889e+00 3.119301458341449518e+01
1.427071881267128584e+00 3.044013801653510143e+01
1.441874468682526889e+00 2.970484616327532734e+01
1.456830598885129335e+00 2.898674616358170297e+01
1.471941864528087729e+00 2.828545341170406857e+01
1.487209874784666042e+00 2.760059139757038338e+01
1.502636255519598896e+00 2.693179155079987908e+01
1.518222649462225959e+00 2.627869308732373455e+01
1.533970716381421795e+00 2.564094285857859035e+01
1.549882133262353578e+00 2.501819520324176338e+01
1.565958594485042044e+00 2.441011180147601678e+01
1.582201812004804697e+00 2.381636153165010228e+01
1.598613515534557328e+00 2.323662032950431566e+01
1.615195452729007330e+00 2.267057104972836612e+01
1.631949389370755732e+00 2.211790332991993324e+01
1.648877109558344767e+00 2.157831345689168856e+01
1.665980415896224809e+00 2.105150423529660841e+01
1.683261129686723034e+00 2.053718477469662673e+01
1.700721091123988282e+00 2.003506989002956828e+01
1.718362159489949414e+00 1.954488036399228434e+01
1.736186213352307828e+00 1.906634307537136408e+01
1.754195150764578770e+00 1.859919087473467769e+01
1.772390889468226982e+00 1.814316246159715007e+01
1.790775367096861359e+00 1.769800226390781717e+01
1.809350541382585442e+00 1.726346031981788798e+01
1.828118390364468882e+00 1.683929216169338616e+01
1.847080912599185609e+00 1.642525870233400198e+01
1.866240127373837154e+00 1.602112612336178543e+01
1.885598074920978640e+00 1.562666576574275901e+01
1.905156816635895423e+00 1.524165402240535627e+01
1.924918435296095076e+00 1.486587223292127469e+01
1.944885035283113073e+00 1.449910658021198984e+01
1.965058742806601755e+00 1.414114798924775407e+01
1.985441706130747219e+00 1.379179202770444590e+01
2.006036095803033437e+00 1.345083880854472724e+01
2.026844104885376474e+00 1.311809289449044869e+01
2.047867949187676118e+00 1.279336320435325902e+01
2.069109867503750255e+00 1.247646292119216405e+01
2.090572121849755494e+00 1.216720940226488779e+01
2.112256997705061590e+00 1.186542409257427799e+01
2.134166804255627881e+00 1.157093247542472447e+01
2.156303874639901696e+00 1.128356398169497155e+01
2.178670566197286718e+00 1.100315186759070585e+01
2.201269260719145748e+00 1.072953313191968583e+01
2.224102364702451595e+00 1.046254843661349021e+01
2.247172309606046081e+00 1.020204202881308930e+01
2.270481552109563150e+00 9.947861664490465827e+00
2.294032574375034716e+00 9.699858533579275743e+00
2.317827884311209008e+00 9.457887186587973005e+00
2.341870015840631147e+00 9.221805462668937636e+00
2.366161529169448219e+00 8.991474419118341999e+00
2.390705011060061391e+00 8.766758262280379910e+00
2.415503075106579356e+00 8.547524279831451466e+00
2.440558362013136584e+00 8.333642774419274701e+00
2.465873539875097276e+00 8.124986998632552471e+00
2.491451304463172089e+00 7.921433091277344296e+00
2.517294379510504054e+00 7.722860014936117068e+00
2.543405517002687244e+00 7.529149494786873120e+00
2.569787497470839455e+00 7.340185958658618226e+00
2.596443130287690249e+00 7.155856478301142687e+00
2.623375253966749199e+00 6.976050711846678354e+00
2.650586736464566329e+00 6.800660847521025509e+00
2.678080475486159351e+00 6.629581565381808872e+00
2.705859398793550863e+00 6.462710001846985186e+00
2.733926464517566046e+00 6.299945660643929912e+00
2.762284661472829583e+00 6.141190355762626396e+00
2.790937009476042174e+00 5.986348160968650411e+00
2.819886559667554859e+00 5.835325360345069434e+00
2.849136394836274011e+00 5.688030399844350882e+00
2.878689629747964940e+00 5.544373839831515660e+00
2.908549411476905266e+00 5.404268308600587822e+00
2.938718919741031943e+00 5.267628456845797835e+00
2.969201367240541067e+00 5.134370913070150699e+00
3.000000000000000000e+00 5.004414239913808515e+00
3.031118097714015747e+00 4.877999352878637396e+00
3.062558974096478259e+00 4.754665837003100748e+00
3.094325977233435054e+00 4.634450639732761168e+00
3.126422489939624239e+00 4.517274918663309435e+00
3.158851930118703688e+00 4.403061824812374958e+00
3.191617751127218128e+00 4.291736452218587239e+00
3.224723442142339191e+00 4.183225788814962876e+00
3.258172528533426426e+00 4.077458668544375442e+00
3.291968572237434554e+00 3.974365724685744450e+00
3.326115172138218945e+00 3.873879344360284804e+00
3.360615964449774395e+00 3.775933624188013038e+00
3.395474623103450718e+00 3.680464327065426033e+00
3.430694860139182012e+00 3.587408840035976265e+00
3.466280426100775802e+00 3.496706133225753188e+00
3.502235110435303778e+00 3.408296719817408338e+00
3.538562741896631003e+00 3.322122617036097125e+00
3.575267188953135999e+00 3.238127308121818260e+00
3.612352360199654999e+00 3.156255705263246281e+00
3.649822204773704115e+00 3.076454113468730878e+00
3.687680712776014946e+00 2.998670195350755296e+00
3.725931915695432917e+00 2.922852936800785617e+00
3.764579886838226308e+00 2.848952613531975153e+00
3.803628741761842846e+00 2.776920758467800621e+00
3.843082638713170240e+00 2.706710129955216093e+00
3.882945779071341530e+00 2.638274680781509396e+00
3.923222407795130096e+00 2.571569527974514102e+00
3.963916813874991618e+00 2.506550923366392958e+00
4.005033330789788515e+00 2.443176224901660643e+00
4.046576336968257692e+00 2.381403868670652901e+00
4.088550256255257587e+00 2.321193341650097608e+00
4.130959558382862440e+00 2.262505155132884305e+00
4.173808759446330896e+00 2.205300818829643461e+00
4.217102422385019089e+00 2.149542815625121950e+00
4.260845157468281741e+00 2.095194576972815970e+00
4.305041622786411892e+00 2.042220458911706338e+00
4.349696524746669013e+00 1.990585718689386274e+00
4.394814618574462095e+00 1.940256491976244169e+00
4.440400708819723263e+00 1.891199770655741075e+00
4.486459649868535848e+00 1.843383381176244562e+00
4.532996346460068438e+00 1.796775963450197633e+00
4.580015754208874412e+00 1.751346950286801096e+00
4.627522880132609373e+00 1.707066547344701757e+00
4.675522783185211750e+00 1.663905713591558255e+00
4.724020574795632754e+00 1.621836142257660152e+00
4.773021419412136979e+00 1.580830242271099140e+00
4.822530535052255374e+00 1.540861120162337228e+00
4.872553193858448317e+00 1.501902562426286725e+00
4.923094722659524081e+00 1.463929018330345722e+00
4.974160503537881972e+00 1.426915583157101430e+00
5.025755974402644988e+00 1.390837981870725049e+00
5.077886629568730825e+00 1.355672553196340280e+00
5.130558020341934977e+00 1.321396234101915201e+00
5.183775755610077418e+00 1.287986544672516942e+00
5.237545502440283940e+00 1.255421573366995336e+00
5.291872986682463420e+00 1.223679962647433950e+00
5.346763993579044971e+00 1.192740894971935139e+00
5.402224368381036257e+00 1.162584079141565585e+00
5.458260016970474915e+00 1.133189736992497032e+00
5.514876906489338815e+00 1.104538590424615441e+00
5.572081065974973768e+00 1.076611848758099343e+00
5.629878587002115076e+00 1.049391196409664717e+00
5.688275624331573965e+00 1.022858780880404828e+00
5.747278396565641323e+00 9.969972010473330259e-01
5.806893186810301088e+00 9.717894957509657372e-01
5.867126343344305717e+00 9.472191326714477499e-01
5.927984280295193642e+00 9.232699974859330805e-01
5.989473478322318023e+00 8.999263833001012181e-01
6.051600485306964927e+00 8.771729803468887310e-01
6.114371917049619576e+00 8.549948659456720890e-01
6.177794457974481013e+00 8.333774947153167467e-01
6.241874861841265165e+00 8.123066890346785085e-01
6.306619952464409984e+00 7.917686297442971810e-01
6.372036624439726182e+00 7.717498470831859469e-01
6.438131843878593052e+00 7.522372118547688835e-01
6.504912649149769521e+00 7.332179268161785890e-01
6.572386151628895945e+00 7.146795182852622164e-01
6.640559536455772793e+00 6.966098279597926490e-01
6.709440063299495272e+00 6.789970049435223309e-01
6.779035067131523817e+00 6.618294979738414963e-01
6.849351959006769519e+00 6.450960478459557557e-01
6.920398226852787715e+00 6.287856800286041326e-01
6.992181436267156158e+00 6.128876974664801969e-01
7.064709231323118566e+00 5.973916735646330745e-01
7.137989335383592149e+00 5.822874453502485670e-01
7.212029551923614612e+00 5.675651068073275241e-01
7.286837765361323882e+00 5.532150023798818594e-01
7.362421941897554944e+00 5.392277206393997213e-01
7.438790130364147934e+00 5.255940881124168129e-01
7.515950463081057187e+00 5.123051632641496544e-01
7.593911156722342071e+00 4.993522306342446648e-01
7.672680513191155072e+00 4.867267951207958077e-01
7.752266920503790182e+00 4.744205764088860744e-01
7.832678853682913278e+00 4.624255035399902902e-01
7.913924875660049096e+00 4.507337096186883052e-01
7.996013638187438488e+00 4.393375266532089096e-01
8.078953882759345007e+00 4.282294805264242887e-01
8.162754441542920958e+00 4.174022860939957114e-01
8.247424238318737721e+00 4.068488424064559128e-01
8.332972289431051394e+00 3.965622280520960663e-01
8.419407704747950305e+00 3.865356966175976794e-01
8.506739688631444807e+00 3.767626722634402348e-01
8.594977540917621894e+00 3.672367454111764573e-01
8.684130657906969475e+00 3.579516685397495235e-01
8.774208533364978635e+00 3.489013520880942520e-01
8.865220759533110950e+00 3.400798604613353704e-01
8.957177028150269393e+00 3.314814081379651722e-01
9.050087131484840341e+00 3.231003558754423910e-01
9.143960963377473661e+00 3.149312070117307183e-01
9.238808520294648829e+00 3.069686038603463007e-01
9.334639902393185196e+00 2.992073241965516051e-01
9.431465314595790517e+00 2.916422778323911613e-01
9.529295067677772124e+00 2.842685032783225374e-01
9.628139579364999534e+00 2.770811644892549053e-01
9.728009375443285478e+00 2.700755476928565213e-01
9.828915090879254635e+00 2.632470582980570017e-01
9.930867470952835063e+00 2.565912178817126854e-01
1.003387737240151800e+01 2.501036612514598301e-01
1.013795576457646419e+01 2.437801335828300442e-01
1.024311373061061659e+01 2.376164876287492622e-01
1.034936246859892250e+01 2.316086809995920037e-01
1.045671329279079842e+01 2.257527735120033185e-01
1.056517763479496708e+01 2.200449246047545271e-01
1.067476704479679483e+01 2.144813908199343644e-01
1.078549319278824115e+01 2.090585233478247928e-01
1.089736786981058714e+01 2.037727656338515492e-01
1.101040298921003213e+01 1.986206510460392094e-01
1.112461058790634105e+01 1.935988006014425777e-01
1.124000282767462267e+01 1.887039207500600668e-01
1.135659199644041983e+01 1.839328012147799507e-01
1.147439050958823259e+01 1.792823128859392379e-01
1.159341091128361256e+01 1.747494057691164615e-01
1.171366587580896557e+01 1.703311069848111869e-01
1.183516820891321686e+01 1.660245188186993126e-01
1.195793084917547411e+01 1.618268168211844382e-01
1.208196686938283371e+01 1.577352479550006847e-01
1.220728947792248498e+01 1.537471287896488015e-01
1.233391202018824018e+01 1.498598437414853657e-01
1.246184798000167149e+01 1.460708433583081112e-01
1.259111098104797044e+01 1.423776426473130907e-01
1.272171478832672520e+01 1.387778194453274105e-01
1.285367330961772225e+01 1.352690128302481420e-01
1.298700059696196085e+01 1.318489215726463826e-01
1.312171084815804178e+01 1.285153026265192511e-01
1.325781840827405489e+01 1.252659696582023863e-01
1.339533777117516955e+01 1.220987916124761097e-01
1.353428358106706142e+01 1.190116913149260047e-01
1.367467063405534056e+01 1.160026441096405625e-01
1.381651387972117817e+01 1.130696765313529695e-01
1.395982842271325097e+01 1.102108650111563309e-01
1.410462952435621098e+01 1.074243346149420658e-01
1.425093260427584774e+01 1.047082578137362441e-01
1.439875324204108153e+01 1.020608532851257494e-01
1.454810717882302740e+01 9.948038474498881178e-02
1.469901031907122224e+01 9.696515980876369012e-02
1.485147873220728165e+01 9.451352888150843512e-02
1.500552865433609995e+01 9.212388407602452312e-02
1.516117648997479606e+01 8.979465815833323483e-02
1.531843881379962014e+01 8.752432351981519199e-02
1.547733237241094884e+01 8.531139117533746707e-02
1.563787408611660901e+01 8.315440978671176375e-02
1.580008105073369151e+01 8.105196471084312460e-02
1.596397053940905764e+01 7.900267707194476297e-02
1.612956000445872107e+01 7.700520285721113023e-02
1.629686707922633104e+01 7.505823203535483268e-02
1.646590957996089344e+01 7.316048769743091484e-02
1.663670550771401579e+01 7.131072521938380815e-02
1.680927305025679885e+01 6.950773144576828655e-02
1.698363058401661618e+01 6.775032389410878819e-02
1.715979667603400927e+01 6.603734997937549256e-02
1.733779008593982951e+01 6.436768625806868482e-02
1.751762976795295401e+01 6.274023769141479079e-02
1.769933487289865326e+01 6.115393692719215540e-02
1.788292475024796957e+01 5.960774359971449804e-02
1.806841895017817023e+01 5.810064364751343913e-02
1.825583722565464129e+01 5.663164864827247708e-02
1.844519953453433558e+01 5.519979517057616025e-02
1.863652604169105587e+01 5.380414414204968965e-02
1.882983712116276820e+01 5.244378023347372186e-02
1.902515335832121579e+01 5.111781125847146556e-02
1.922249555206400373e+01 4.982536758837364382e-02
1.942188471702945662e+01 4.856560158187783749e-02
1.962334208583441253e+01 4.733768702912811294e-02
1.982688911133526233e+01 4.614081860985025374e-02
2.003254746891242277e+01 4.497421136518756773e-02
2.024033905877851325e+01 4.383710018289011662e-02
2.045028600831047427e+01 4.272873929552072764e-02
2.066241067440586221e+01 4.164840179134788462e-02
2.087673564586362218e+01 4.059537913760509487e-02
2.109328374578950971e+01 3.956898071580405157e-02
2.131207803402648793e+01 3.856853336879659255e-02
2.153314180961033841e+01 3.759338095928890094e-02
2.175649861325074141e+01 3.664288393951760370e-02
2.198217222983807062e+01 3.571641893180641653e-02
2.221018669097621157e+01 3.481337831972768776e-02
2.244056627754165234e+01 3.393316984960082633e-02
2.267333552226911308e+01 3.307521624206637145e-02
2.290851921236399136e+01 3.223895481348079683e-02
2.314614239214190405e+01 3.142383710688400472e-02
2.338623036569563496e+01 3.062932853229697119e-02
2.362880869958970109e+01 2.985490801611430031e-02
2.387390322558290379e+01 2.910006765936124992e-02
2.412154004337911672e+01 2.836431240459128325e-02
2.437174552340658806e+01 2.764715971120565094e-02
2.462454630962608348e+01 2.694813923898206967e-02
2.487996932236816505e+01 2.626679253960504529e-02
2.513804176119988654e+01 2.560267275599519693e-02
2.539879110782122851e+01 2.495534432924085069e-02
2.566224512899157872e+01 2.432438271293937623e-02
2.592843187948657047e+01 2.370937409476100294e-02
2.619737970508559144e+01 2.310991512505253601e-02
2.646911724559026524e+01 2.252561265230291696e-02
2.674367343787426776e+01 2.195608346529728805e-02
2.702107751896476628e+01 2.140095404179013366e-02
2.730135902915581170e+01 2.085986030353305376e-02
2.758454781515404264e+01 2.033244737749627731e-02
2.787067403325700710e+01 1.981836936312732222e-02
2.815976815256446386e+01 1.931728910549423278e-02
2.845186095822297290e+01 1.882887797416457967e-02
2.874698355470416189e+01 1.835281564767517540e-02
2.904516736911698871e+01 1.788878990345125694e-02
2.934644415455436217e+01 1.743649641303711417e-02
2.965084599347446925e+01 1.699563854250419823e-02
2.995840530111719247e+01 1.656592715790555087e-02
3.026915482895594067e+01 1.614708043564906312e-02
3.058312766818531259e+01 1.573882367766519033e-02
3.090035725324491267e+01 1.534088913124789094e-02
3.122087736537973512e+01 1.495301581345070269e-02
3.154472213623746413e+01 1.457494933992256950e-02
3.187192605150309888e+01 1.420644175807148774e-02
3.220252395457128358e+01 1.384725138444628696e-02
3.253655105025670480e+01 1.349714264623001585e-02
3.287404290854302502e+01 1.315588592674094871e-02
3.321503546837061549e+01 1.282325741483985974e-02
3.355956504146369923e+01 1.249903895814492155e-02
3.390766831619707489e+01 1.218301791995770288e-02
3.425938236150302885e+01 1.187498703980674128e-02
3.461474463081871988e+01 1.157474429751701936e-02
3.497379296607455501e+01 1.128209278071625778e-02
3.533656560172390471e+01 1.099684055569113972e-02
3.570310116881462648e+01 1.071880054150874118e-02
3.607343869910281597e+01 1.044779038732068961e-02
3.644761762920922621e+01 1.018363235276940199e-02
3.682567780481883091e+01 9.926153191418200794e-03
3.720765948492389441e+01 9.675184037128683676e-03
3.759360334611112364e+01 9.430560293310893960e-03
3.798355048689320057e+01 9.192121524973652369e-03
3.837754243208532756e+01 8.959711353504234976e-03
3.877562113722713377e+01 8.733177354108456053e-03
3.917782899305042577e+01 8.512370955843730561e-03
3.958420882999333656e+01 8.297147344179772732e-03
3.999480392276124974e+01 8.087365366022855259e-03
4.040965799493503852e+01 7.882887437141414960e-03
4.082881522362715287e+01 7.683579451932274866e-03
4.125232024418592403e+01 7.489310695468289619e-03
4.168021815494874005e+01 7.299953757769792745e-03
4.211255452204446215e+01 7.115384450243488965e-03
4.254937538424572807e+01 6.935481724234153836e-03
4.299072725787149096e+01 6.760127591635606281e-03
4.343665714174050407e+01 6.589207047508921847e-03
4.388721252217612800e+01 6.422607994657152965e-03
4.434244137806307862e+01 6.260221170107056754e-03
4.480239218595659878e+01 6.101940073449649282e-03
4.526711392524467925e+01 5.947660896992553597e-03
4.573665608336376209e+01 5.797282457678362179e-03
4.621106866106857325e+01 5.650706130724331665e-03
4.669040217775664559e+01 5.507835784939968046e-03
4.717470767684801558e+01 5.368577719679902722e-03
4.766403673122077578e+01 5.232840603390937796e-03
4.815844144870295906e+01 5.100535413712797318e-03
4.865797447762143690e+01 4.971575379093349373e-03
4.916268901240834310e+01 4.845875921880017992e-03
4.967263879926563419e+01 4.723354602850042376e-03
5.018787814188848273e+01 4.603931067143214075e-03
5.070846190724794411e+01 4.487526991561636112e-03
5.123444553143367131e+01 4.374066033201925822e-03
5.176588502555719629e+01 4.263473779386190397e-03
5.230283698171645312e+01 4.155677698858925573e-03
5.284535857902221778e+01 4.050607094217831793e-03
5.339350758968694777e+01 3.948193055547348854e-03
5.394734238517691693e+01 3.848368415224535759e-03
5.450692194242805044e+01 3.751067703867551340e-03
5.507230585012628410e+01 3.656227107397988247e-03
5.564355431505307337e+01 3.563784425188790822e-03
5.622072816849672705e+01 3.473679029270354719e-03
5.680388887273019094e+01 3.385851824568041069e-03
5.739309852755609143e+01 3.300245210145031846e-03
5.798841987691962885e+01 3.216803041425107985e-03
5.858991631559007374e+01 3.135470593370570137e-03
5.919765189591158361e+01 3.056194524591156463e-03
5.981169133462400112e+01 2.978922842360418564e-03
6.043210001975445778e+01 2.903604868516605157e-03
6.105894401758041568e+01 2.830191206225702878e-03
6.169229007966497846e+01 2.758633707584815312e-03
6.233220564996511115e+01 2.688885442044678005e-03
6.297875887201368528e+01 2.620900665630510138e-03
6.363201859617593925e+01 2.554634790941128636e-03
6.429205438698122066e+01 2.490044357906569684e-03
6.495893653053084904e+01 2.427087005285064134e-03
6.563273604198271016e+01 2.365721442880678194e-03
6.631352467311359078e+01 2.305907424463387017e-03
6.700137491995982941e+01 2.247605721373832806e-03
6.769636003053739159e+01 2.190778096795445787e-03
6.839855401264188117e+01 2.135387280677062197e-03
6.910803164172946822e+01 2.081396945289588473e-03
6.982486846887967147e+01 2.028771681400680198e-03
7.054914082884063475e+01 1.977476975051814610e-03
7.128092584815786381e+01 1.927479184922516924e-03
7.202030145338736133e+01 1.878745520266920498e-03
7.276734637939381400e+01 1.831244019408132971e-03
7.352214017773501098e+01 1.784943528776380744e-03
7.428476322513311914e+01 1.739813682477126672e-03
7.505529673203385244e+01 1.695824882375782322e-03
7.583382275125447336e+01 1.652948278685953225e-03
7.662042418672142219e+01 1.611155751048481185e-03
7.741518480229866839e+01 1.570419890088878452e-03
7.821818923070749463e+01 1.530713979441056640e-03
7.902952298253900665e+01 1.492011978225561003e-03
7.984927245535989471e+01 1.454288503970817964e-03
8.067752494291288201e+01 1.417518815966196727e-03
8.151436864441238583e+01 1.381678799035963813e-03
8.235989267393675561e+01 1.346744947723490160e-03
8.321418706991788383e+01 1.312694350875351660e-03
8.407734280472924127e+01 1.279504676615171761e-03
8.494945179437335980e+01 1.247154157697408401e-03
8.583060690826981443e+01 1.215621577231435022e-03
8.672090197914474174e+01 1.184886254766572434e-03
8.762043181302294670e+01 1.154928032728942114e-03
8.852929219932356375e+01 1.125727263201242896e-03
8.944757992106063682e+01 1.097264795036785459e-03
9.037539276514922904e+01 1.069521961299328477e-03
9.131282953281871073e+01 1.042480567020483227e-03
9.225999005013387944e+01 1.016122877266653580e-03
9.321697517862526183e+01 9.904316055076884274e-04
9.418388682602973461e+01 9.653899022796165637e-04
9.516082795714247311e+01 9.409813441340256603e-04
9.614790260478146422e+01 9.171899228668520601e-04
9.714521588086587656e+01 8.940000350194861637e-04
9.815287398760918336e+01 8.713964716453465606e-04
9.917098422882847331e+01 8.493644083351836131e-04
1.001996550213711146e+02 8.278893954945807168e-04
1.012389959066596816e+02 8.069573488672744438e-04
1.022891175623570916e+02 7.865545402980873759e-04
1.033501318141523768e+02 7.666675887293913656e-04
1.044221516476687697e+02 7.472834514252290738e-04
1.055052912204954083e+02 7.283894154173135805e-04
1.065996658743437564e+02 7.099730891673051861e-04
1.077053921473301727e+02 6.920223944398972305e-04
1.088225877863858386e+02 6.745255583813783906e-04
1.099513717597954354e+02 6.574711057984788855e-04
1.110918642698658942e+02 6.408478516324344395e-04
1.122441867657264964e+02 6.246448936233341218e-04
1.134084619562618599e+02 6.088516051599394008e-04
1.145848138231789193e+02 5.934576283102859949e-04
1.157733676342095777e+02 5.784528670284973077e-04
1.169742499564502367e+02 5.638274805333530525e-04
1.181875886698397409e+02 5.495718768542779895e-04
1.194135129807770568e+02 5.356767065404985373e-04
1.206521534358802796e+02 5.221328565292683230e-04
1.219036419358883165e+02 5.089314441691193550e-04
1.231681117497067675e+02 4.960638113942298375e-04
1.244456975285994957e+02 4.835215190460843190e-04
1.257365353205274232e+02 4.712963413387029712e-04
1.270407625846360702e+02 4.593802604638098181e-04
1.283585182058933185e+02 4.477654613324024346e-04
1.296899425098790744e+02 4.364443264492732914e-04
1.310351772777282235e+02 4.254094309171217747e-04
1.323943657612287836e+02 4.146535375669808542e-04
1.337676526980764606e+02 4.041695922117637986e-04
1.351551843272875431e+02 3.939507190198177598e-04
1.365571084047716397e+02 3.839902160054546403e-04
1.379735742190660233e+02 3.742815506334900471e-04
1.394047326072329724e+02 3.648183555349227805e-04
1.408507359709223294e+02 3.555944243309343603e-04
1.423117382926004097e+02 3.466037075624727121e-04
1.437878951519472537e+02 3.378403087227519570e-04
1.452793637424242092e+02 3.292984803900638325e-04
1.467863028880131537e+02 3.209726204583665857e-04
1.483088730601292298e+02 3.128572684631776763e-04
1.498472363947094550e+02 3.049471020003615188e-04
1.514015567094780295e+02 2.972369332354630133e-04
1.529719995213912398e+02 2.897217055012982776e-04
1.545587320642628981e+02 2.823964899815699912e-04
1.561619233065729304e+02 2.752564824783327127e-04
1.577817439694604502e+02 2.682970002611914824e-04
1.594183665449035914e+02 2.615134789961580061e-04
1.610719653140879473e+02 2.549014697521622221e-04
1.627427163659653786e+02 2.484566360832477405e-04
1.644307976160055205e+02 2.421747511845398395e-04
1.661363888251416654e+02 2.360516951201215453e-04
1.678596716189131257e+02 2.300834521209985844e-04
1.696008295068064342e+02 2.242661079513817853e-04
1.713600479017967473e+02 2.185958473415595515e-04
1.731375141400922359e+02 2.130689514856763135e-04
1.749334175010832837e+02 2.076817956027763744e-04
1.767479492274984239e+02 2.024308465595135958e-04
1.785813025457694607e+02 1.973126605529672479e-04
1.804336726866079346e+02 1.923238808520444842e-04
1.823052569057948062e+02 1.874612355959904566e-04
1.841962545051858626e+02 1.827215356485557309e-04
1.861068668539352302e+02 1.781016725064226282e-04
1.880372974099385601e+02 1.735986162605116022e-04
1.899877517414992099e+02 1.692094136088339760e-04
1.919584375492185586e+02 1.649311859195868246e-04
1.939495646881140090e+02 1.607611273432198596e-04
1.959613451899658401e+02 1.566965029722360502e-04
1.979939932858962663e+02 1.527346470475192343e-04
2.000477254291824920e+02 1.488729612100123079e-04
